0.058519
0.125879
0.046398
0.509224
0.153800
0.509224
0.104256
0.038280
0.038280
0.124553
0.084432
0.101306
0.124553
0.064585
0.167982
0.129442
0.124553
0.101306
0.081055
0.141754
0.205038
0.141754
0.167982
0.053464
0.084432
0.141754
0.064585
0.471954
0.174236
0.038280
0.084432
0.129442
0.167982
0.084432
0.104256
0.084432
0.124553
0.064585
0.124553
0.174236
0.205038
0.104256
0.104256
0.124553
0.129442
0.067301
0.167982
0.084432
0.141754
0.205038
0.167982
0.046398
0.048388
0.064585
0.038280
0.124553
0.104256
0.048388
0.141754
0.141754
0.167982
0.104256
0.167982
0.104256
0.046398
0.030573
0.125879
0.414571
0.141754
0.104256
0.105392
0.153800
0.104256
0.030573
0.141754
0.141754
0.141754
0.124553
0.141754
0.038280
0.141754
0.174236
0.081055
0.205038
0.064585
0.101306
0.124553
0.058519
0.205038
0.064585
0.141754
0.167982
0.167982
0.205038
0.141754
0.101306
0.101306
0.101306
0.167982
0.509224
